2906316
7425394
7214263
7566926
990281
5709280
7826402
6059514
1918395
5531520
7132402
3990275
5256068
7154393
7777630
255324
9453485
8686277
7171095
7620018
5513705
7768528
515928
5197422
2553424
2158982
8877030
2203682
6437254
1524268
267579
2948949
3450022
6403348
6426016
1812602
4084995
5597560
3892532
8051048
2521405
6564399
3456485
2487852
1263793
2249136
2582272
2784189
2683810
6871624
395171
2774472
6003851
5074159
5175515
8266524
7528916
9000909
3205744
5933669
1241382
9249696
2981013
8897692
842076
957939
499106
6318086
7498007
4627295
974126
7290348
9328497
1823081
2820640
2514586
764708
1025030
1366906
4733226
5577484
6014496
2930379
4921518
3815179
6666617
317654
8003316
4719593
4718761
3255941
6329980
2254581
7610332
2768196
4705588
3318768
3587743
2806410
1584395
6928429
7172897
8166358
6920348
8017981
8433146
4908054
7650119
5084932
3276997
5913646
5866051
5853673
4406463
3471752
5494514
7748336
3438620
2442457
1102761
4226605
7730317
4292994
9298515
3093003
7609760
671934
6737723
3167915
4072430
7904396
9098830
5697037
9262743
8345247
4501718
2467638
5596802
3202397
1145996
1160501
8219366
4630534
4370616
8804946
6789509
9377198
4760769
3057594
8383825
8896599
3274182
7953681
6170884
797575
8703511
8387970
8583890
1870998
6474045
7347123
8093825
5075567
5620755
3314768
7095993
2101241
3806563
5721343
188067
4841375
7230501
5303369
4586516
1776690
2266070
4112106
6690189
1320181
9098633
3244305
5618989
5168123
2614085
4441924
4106296
9348805
6329934
5478443
8484604
8808486
1553791
8550979
6439697
930571
9091776
4298816
6703145
7406368
6799148
5398188
2868345
3342522
989788
3685464
9282049
766548
6962849
7515416
5102020
8869547
2824888
4329588
5720589
3540841
8492260
2303379
6026365
3095385
2616402
6774512
2486513
4421771
4726428
6570083
4333494
9276645
9059116
5632989
9381390
6982676
1102134
6008013
8255702
2017799
3303502
3737971
5690127
8765086
1106105
899555
2550502
4533685
2938776
6242013
9455771
1556873
6484754
3215535
3248179
7276334
2603250
8491369
7454120
6385078
2876619
2960790
2663412
2947842
7453954
3581432
2773595
2762745
1155961
2773675
5866413
2946782
9482219
8854462
2849176
7455577
2675737
5780157
6373735
3406210
4712036
7959887
5643380
9165788
4271266
7602471
6696943
2595498
9301625
3726799
2802488
1746147
1072845
3619012
6172107
8828989
6117019
4097550
3579101
9185983
7755681
4297305
2576064
5925991
1829217
3132790
5538029
851287
4496336
2280339
2160400
2879086
4972064
7499492
9173110
7753480
1482
8456075
1891416
7198789
2586458
3979475
1380908
6607404
3500490
5527166
1965842
9233566
9516315
3491189
4098255
7348402
165104
6151659
8882467
4810133
9514519
3166619
350425
4606528
9330050
7005849
7801234
6812263
2810582
5974792
9369705
4520804
3024630
7828514
4372229
5537959
4690935
2724549
1394846
6350937
3794605
3664374
8968935
1312618
3743376
2266038
6973915
3289951
319196
4490083
4152805
6652540
1825002
6796841
8539874
1786599
2295667
2885076
6276194
2912413
9374625
7379255
6370964
5118438
5784792
9467906
6373327
6601422
3637054
9081821
7155502
6258208
7275404
6776950
5248340
8170139
8394207
641533
7361685
3002868
261613
3597213
3373293
9013706
5264258
7504402
3439434
3800563
7497917
1613886
1982661
5189878
1182437
3774156
1348716
2545367
1286261
4075672
8684923
5616995
6235736
5657977
5915291
2869206
3363383
9439224
8928528
7292289
834344
6365892
8574166
3430789
3221197
9538589
7047000
563231
7085613
4145455
8869907
9180331
8493511
7675754
2802068
1586941
394387
8218506
2193164
8958229
1518623
6808742
6230471
5506899
8902833
8966669
6705687
5822873
6230716
8939625
5178571
5367068
7104629
272471
4119573
8006819
5558980
8271716
5386293
6296790
1470115
9515857
1710459
2860777
6369095
1035258
7681170
8026945
6951477
5382634
7015481
9382081
7422160
9075297
511297
2483102
6474470
606391
6020563
5069600
4273716
3670899
3425928
4456556
3383265
7351858
3166395
279216
4478166
7734909
9017952
6758469
8114657
6370211
5072967
1271459
7937588
650660
2100459
1629667
3990441
5403425
8650615
8757192
5355667
8976594
3741527
3292907
2945528
3087569
6067186
3513188
604797
9452050
5527106
6529989
4147247
2458834
1483959
2788494
2480908
681833
8266573
7017818
6541525
128294
6799578
8476166
2380594
5380711
4075967
3627053
7943085
6669059
769888
8239420
5794026
372598
175617
3177171
180679
7121990
7273441
5288510
9455365
3710727
4518292
6925978
3758979
1392659
2036136
7073042
9521181
1436828
3804635
6926278
9273358
2569793
5243368
8907527
3149753
4768467
2312493
9451765
7561397
7786857
7175973
1184582
5253701
3975081
866052
3234711
1935222
7503343
5852176
5222345
5527245
1344306
2102205
6018023
9504218
6720544
8900400
7547823
2591369
4213854
6500961
4220321
6980977
8702557
5382686
4013531
9528021
4515150
5886176
2721162
1284928
6126052
6490127
9486106
5071158
4848114
2655612
1442942
6047449
7666205
4036971
3960609
9553661
2258075
6129444
8549477
9194604
2086162
9319101
4032403
7028076
520915
6440188
1226891
1874831
8967489
7297181
3443306
7704144
7426437
8178062
3568795
5622132
4737909
1753391
7751750
1118081
9037115
7366070
6085191
9130043
8072169
4953293
3622794
8680413
1245809
2958562
6332855
1789220
3015626
786142
7795788
7987873
1968668
793569
9260811
6830618
4457497
4955657
8049571
197051
757461
7614408
2108930
3794045
4620212
1418022
9027425
8699302
9432822
5446699
8816175
9167657
8779846
4156796
1814372
8214262
6841749
3310270
3017200
6329833
7190440
7825253
2351966
5225735
2483883
2322703
993785
2008559
9545352
8614708
8094016
9466889
818080
357958
7622319
6887986
180272
1392302
4522090
1786333
690050
9177444
5834091
1354219
908519
6577642
1030670
8334294
8156804
5638359
3703345
834327
4060905
7045180
1232565
4086423
6194792
7017600
7687746
2109042
5947746
9416332
8929990
2470565
8291056
539508
981948
2868374
6279746
8969393
2254943
6655937
1750321
8786210
4252882
5317452
2890513
6747233
2218835
6853088
872327
6821783
2004638
3878186
2295863
2363980
5938828
1917741
9023617
5134110
6506946
5203569
5621509
4594576
1882588
4192448
2767347
2107808
4408499
5649760
2959956
4827774
4645009
7509833
111602
4974797
1123849
4460455
3135044
6415967
8005393
3505237
5691496
3282431
4742809
8651790
7672390
3979240
6760986
7193570
9388968
5793738
5632595
5135174
7844860
2958656
3756580
6653977
6290065
2826190
6494380
7420937
9311899
4696170
2473361
8025287
3293807
3831439
3599292
6808720
206451
6276871
4480766
9378441
1792983
4355708
4840916
7550240
7211587
8437277
1603494
8697373
6554948
379249
2171748
1459419
4603135
6529480
4648854
3040261
1593942
1059824
3203503
112859
1582484
1827687
3175914
5650420
8901193
6389772
3272913
5095202
6806806
9029215
2362693
6501163
4248256
7631345
6529842
9237290
7939156
5550294
6351637
5827522
4610797
6652192
7843240
3124427
757538
2681994
6020647
7961246
1603277
9545375
4080830
4571867
4998700
1665245
9417402
7377927
7366750
9417027
6426975
6192355
4732810
4084515
5538584
4395961
7557060
3488395
6045651
3182448
2797742
9099411
4215776
6248911
2262072
2870804
3433667
8225905
3115025
5055732
3203793
642189
8520159
5109297
8792752
3619198
4869888
6615562
5701468
6543739
6540659
4361623
3801049
2886005
3175585
1721853
2485432
7275429
2601600
4735387
964513
791891
4211220
8431409
5197600
7977348
6966220
2110701
4963162
3810349
8377528
5164542
3652300
3704743
3800577
6509294
787875
6243690
2837103
5105626
1747868
4226339
6438403
6933314
8940822
5500010
6864175
4646947
4672367
6479038
3201233
3873884
3664810
5925411
2755975
5630681
4215668
3104034
2599115
8134070
8991148
307454
1824178
5751934
8616627
3033224
1221895
3405574
1786076
441648
7303363
8296964
5800062
5629708
5871246
1594722
3868452
6502797
5285429
5618327
8968443
2898631
1645918
6294358
4606342
3669610
2788417
6354853
1115027
1795233
3878518
5833676
5991290
1788229
2633256
6450398
7725428
9231291
9295747
5293104
1347618
1055045
8832050
3656439
6834045
5095719
2705287
7243366
6872572
5922277
5377917
6769915
8412214
8989499
4593189
5075532
7305025
6662839
3273981
4308522
2259237
6888625
5853251
7631047
4514993
1933457
593961
1886656
47929
4758070
3442932
1876727
9026919
2282282
6487662
5057177
4099277
221422
9058204
3875134
9269934
3757624
3468604
9118486
9343666
5614336
2141724
3338808
2827764
5152674
6619859
4711272
4810977
8772570
5178046
7902862
8248554
2501197
2390262
3143581
4671861
4177263
1991186
8916023
4523159
5203853
6171221
7228864
6233458
6068922
9427781
5830468
8965526
1694332
1767838
8388447
7981945
3510528
102969
317466
7261396
8372306
5106843
7072487
8413139
5315196
3585756
4197778
5384792
1033101
3611303
8562936
6824862
4283099
8688975
1494755
7425154
5869003
542737
1084060
8760129
9384951
1900442
8060860
3168072
3786908
6041685
8863292
5703830
3480426
5900244
3641602
8862611
8858565
5689851
7551532
2830166
6954953
4884693
4330808
1808546
1036335
7720328
2592259
3651546
2303432
6626389
3243083
2592972
5160580
9293417
1502367
3646453
8782023
4433748
3696608
6246608
2840086
4167686
9209298
7054001
6746505
7480402
2152169
2883435
5825636
8586835
2874905
7221245
9145317
8032368
58482
4548261
4860268
6176719
4356073
6812157
2347974
3891030
961895
4436634
5879522
9553792
988483
3730817
7586448
4468894
5904351
5658301
6474579
5077165
4783716
2299133
6159367
1050944
7845381
7831316
3082449
5923330
9239471
3693167
4386865
9327555
7567946
4283508
2510230
8363605
8253180
1743242
7187408
2251617
6266740
6829729
3125779
4241381
3691992
7405411
3514489
3122171
7626929
8771127
322018
4800729
4609636
1623226
2370486
4024450
5241291
232256
7668368
4989060
6855816
1032876
3681073
1150489
3770590
1338734
3513191
3944559
4833273
6080516
1933490
8822856
4162666
4304127
5871595
6584691
5168288
6079761
3248830
3602006
5309865
3850289
1466107
3662486
721650
5747372
7138231
1776316
206317
2787000
8392679
4575055
3205957
8911615
7892283
373696
9536494
8662913
1438338
2491652
6252453
2125731
6032912
4590746
5843156
9098093
5189613
9544285
4169887
8632904
3975644
5203603
4672995
928250
5954541
2263916
7307115
4284866
8742223
2811285
7147507
8285727
1081991
3603407
5259900
5675911
2337221
2118175
5792134
7034339
5483121
6918377
3857835
3703333
780079
5589662
5970435
1055961
7424609
8513972
7748527
4033107
9068947
3641311
6674072
5722423
7912460
8404610
68375
5469039
3636483
9019508
6534657
3993782
6112399
4038882
8169014
9314296
2053322
6870388
5730576
3775466
2659463
2114204
7135795
3901675
755853
8694468
8523727
4630686
8382707
338397
2771885
8949298
1431124
6068927
757521
3792862
3450070
4612520
5171633
2288670
3503310
2845913
5672206
5312921
6585593
3039771
8239615
3758311
1819131
7662301
8723692
1897944
1924078
6913756
2231921
5928508
2004346
6154058
3772567
6754377
5829172
3970835
2722708
4895925
2287770
7710120
357827
986620
1132036
5618360
3926323
9395051
7030779
1865187
6203988
2970833
6353610
7012694
1847235
6161062
3230863
5599811
5875580
2955267
6266355
7914848
1061745
6161146
1508806
6023575
1432892
9067047
7744222
8032102
8102906
3890516
8397231
9525093
7600117
995902
8643192
7942460
3110085
7022919
6112230
5799236
7607279
7688464
8191360
6233101
8783397
5865363
2089644
1471810
8555886
314334
5876361
603724
6719453
4974481
1507361
2861917
3742468
935668
3940738
7022341
6161575
2232368
7788954
3685526
6785730
9420115
1467440
1436172
1370858
3153132
6828665
6142823
3790539
8561586
2100316
3524632
2140130
3524947
2870846
6970286
5667505
5889714
1097871
4697443
935674
3443005
586306
8194932
7366502
920291
1515786
1410724
8151949
5304475
8717938
7039560
7652827
1700539
2141979
6148780
4522462
8499998
4752987
4159883
4025925
4156375
8323886
7233622
6501187
5458242
1611320
699357
3819863
7840434
5447982
6350726
9148024
4211636
9402928
8819545
8498022
5144012
2526096
5671957
2176483
8585876
3494662
1772863
8368553
9154560
3810231
4149068
9497968
3263787
1813867
4655830
6983908
5712077
5058384
2173227
1712715
6051580
2478829
7869994
4595183
6332460
907158
4674791
1270080
8726050
5221798
2077945
3633293
8493052
6690608
611031
2563887
5655477
4926611
8931010
5387807
6942110
1704841
7501170
4624055
7711325
8435861
2471823
3523796
6662752
3308808
3561264
2855392
8265001
6153500
2946757
447882
2541570
1272129
6695843
5917918
2714393
1115273
7652641
1631408
3748311
911627
9458620
7354550
4230797
4658627
5618702
2491303
8752069
8334452
6095053
7643665
1966543
1383712
8862737
2657490
214884
7688233
1842636
969242
731883
4654332
6254714
2860876
7733962
6698908
8720222
2400703
7586420
5730659
2186395
2511025
273909
8670749
1248360
4724447
6700148
7005837
9441766
6215883
4181425
1365306
1148726
7626227
1517689
2028089
2853461
3776315
6430856
2602896
865911
9247665
7586464
6916184
3800824
6339664
1716503
4339349
8157888
3197659
9335686
8433318
7430233
6217852
3615672
6269538
4694741
5056427
4152638
7756532
9440156
7125040
2523026
8915961
8215792
6080215
6800245
6146378
4461551
271180
6012905
2405587
6174342
7461681
2520535
9175478
8266273
8972910
858685
4314816
6993645
1524224
5881172
3006458
1892756
6849172
3047153
2536498
7758962
3912314
7731254
2169460
8798965
8531213
7015375
8031506
1019571
2475253
7825243
5073742
6799483
7185825
7603185
2094591
3896930
1491590
5679359
7393106
3132985
3372271
1429764
1869233
5685696
7200946
3084883
8014551
6105074
6000951
7175268
1451040
3722325
6868747
4286865
7770259
3946901
3290262
8822662
202417
5180763
6361300
3077288
8012082
5420739
2340113
3818000
5967421
6585955
8653052
3206890
3604539
4590151
8853210
4775424
4416959
3967995
6704392
8756352
3660859
9119609
6325206
4732208
7187616
5929513
8381074
8317554
8617204
6562811
4192877
1791435
6567296
2783113
7586444
8541879
8820967
2573903
8732568
5885274
6165927
2896539
9099623
2383782
4194851
6610025
7056905
7365696
3623191
6105978
1718386
4021869
2442859
2892190
4420107
32578
9188265
2157400
2992472
3027356
8670066
1537373
2260101
2429565
3389921
3564574
7762437
9088324
2267687
8363530
1434131
6076112
730282
4592352
3678540
7772191
6376592
1500139
7934815
7220459
3400242
4431752
3502597
2765907
4781091
4035011
2719035
3134006
2171266
8480096
5770765
6317264
4515727
8914884
6456668
4429755
8523289
9091028
9102604
8940026
5194289
9174547
1269525
3837549
4291081
3007557
5928680
4809610
8043446
1747298
3242391
4545024
3199207
4540045
1480529
7372036
2861549
4459620
2498424
5858965
5480464
3993307
7902481
6332668
522473
5975403
3153782
6605993
1082456
6883322
733955
9032663
2469402
8562258
7022685
6731761
7004785
8806396
237838
8283372
3452883
8515067
981792
6114251
1524339
3001770
9007336
8563248
4281142
8319328
5096242
5775733
3343264
7616737
1756688
3517493
5199440
4768809
3997595
8258018
9497690
8164585
3629863
7508273
524745
7720283
5445679
3623657
4084237
6178667
9258156
6940340
3760363
1065571
2182418
7927493
2747621
1267674
6291392
3953878
3718471
2988101
3061343
9027392
8600266
8095790
5928601
1888200
7553847
5789055
4365867
9069131
3022143
7891185
2337260
3187897
4602154
7749660
5081686
2899580
7191388
6986738
8797212
5527990
6008073
8952249
1296183
8047680
4408587
9267369
7117232
3941982
5592498
4072208
6713991
5282038
220485
6690711
2423976
9479154
5915098
1288212
4298676
6818997
7687524
9432215
5905387
6007868
2508405
8283383
4418194
9465881
7609717
8916040
4726032
5889005
8936632
2117429
2021224
7974556
253895
4237804
3831386
7367708
9537933
6355083
8821206
4211168
7057904
3833924
5596778
5928810
4792990
5450052
8136953
8357544
6643057
9504767
9330032
5191490
9005357
8317246
3986873
5277041
8728327
6111834
1392311
851959
5195148
6183939
8711463
237840
7440054
4294643
2160999
8681051
1643795
6854879
2689620
237841
665689
1783089
9517852
2051912
5923832
2447321
5550264
8532116
4238094
1545183
8297879
1057780
7277311
758432
1464113
1367350
6406772
1895644
7960254
5370325
2327042
7641315
3260855
3905392
7665494
3019890
7816572
3891517
8054851
6426951
970728
2859433
4751470
5781279
8902019
4801995
3815662
5677880
2481116
6433899
8095694
6829764
1854215
5543181
2127872
843028
9427079
499819
4964739
330160
6008213
7112374
7312852
8580324
3860854
2661334
6660213
8895193
837591
9401869
2844312
4974779
6942778
5453022
2994449
3666804
2796726
2910524
7604539
2460997
3765135
9427040
7857318
7006213
9510949
4477942
5292873
7581993
9330828
3885327
592894
8047075
8815737
8041011
3363331
7702550
2476200
7384741
2327657
5508586
7145003
6155890
6872642
5925237
3786920
4312940
1029199
4618009
5389866
8843404
8775126
2655256
2418825
5414548
1441648
7488601
6453845
3840690
6921647
8812042
8800879
3340099
1338634
7567791
3322861
5626733
3631275
2988709
549622
7661092
5478186
1467346
8172488
6287116
8370773
6034466
9148008
8729597
295079
5169059
3360792
6054598
9444178
8249193
2255087
4575855
4019960
3017068
1024505
4537722
4564946
2402241
8071157
5047672
8936370
3102489
4186328
8500588
3693802
5328244
3781211
980409
7876446
1227430
6816798
6617133
1240942
4888180
488287
8272074
2553605
2960836
6861425
8626431
6697973
7083347
1140390
9014485
9391257
822044
1042562
8752581
2798344
4513070
1352907
4165732
5915694
797215
6140666
9449108
6766183
2323773
5269124
8720311
654946
8771421
6986285
1529744
1744975
2842207
2417233
8773324
3890526
7084080
3258891
6566008
6343593
8887289
4825612
4518377
5840627
7090453
4618153
4145630
6258090
6007869
8297349
8122004
2064328
2304813
4012458
3517207
7581990
5170776
3629323
215160
4730939
7997864
5982189
3942480
5923253
6626480
2131334
7047242
3966281
5077757
2328418
9131103
6683433
5001428
6552281
2362855
2749153
8325112
6002948
1951376
2759656
4126221
6886771
939778
3073517
2025116
8050743
5097259
7151971
2797464
6856588
1034381
3754489
3424353
1310939
7192277
2180338
2177864
6806084
1739670
2031360
6818293
2930476
8929043
1772628
5557754
9333817
7720533
7746604
5076702
4421249
5420385
8528437
9171393
3109884
8914399
2898596
2378176
2910528
9027909
3359676
4648341
6105654
7523983
1873132
730579
6394704
2972881
6948067
7825206
7481973
6596784
6898899
3856270
854559
1912699
7530364
2798606
7483661
8668756
8936384
7675006
6796543
1198986
3954154
8166173
1040797
826819
5213965
5674535
2304068
9104422
7320694
345182
4096635
4952794
6168398
6137256
3398413
4032908
8600396
7456352
4157021
7096135
2837141
8925653
9274098
475333
8333552
4519457
7654764
8820312
3881244
601539
6535895
7632834
1756919
5051181
8210125
2910837
7174553
9477527
2344008
9036039
1432160
3577454
3103265
5319053
8946416
8479643
5215588
4757381
8669391
2995057
6731502
1425900
7780685
6249913
2835216
7876180
3992862
6225655
2792844
2650322
5262565
8314410
7171411
7170715
1797116
7710586
8198109
7655459
8598951
8688995
4779688
9463479
4550265
2450422
9336339
8702400
7299453
1511527
5585302
127180
8343900
3164388
1705257
8750330
9099001
7370550
8771557
1830414
6103433
509311
9080103
4591200
1625851
2510534
5532782
6534993
5260915
5336715
9377580
8439714
2960833
8111747
3360560
9003441
6233200
6822394
6851804
3224658
811072
5528032
2027408
8997593
4592712
5213872
5602307
2023424
8334072
3418629
7006647
7132181
1530964
3244693
6793237
9299036
8309392
9371231
5505684
8246230
9302171
8748650
3334469
1699522
8309243
6616592
3627852
3208963
2734868
3044868
1703910
2145369
5737583
7295922
3185497
1096366
4035361
3378850
8054072
9273529
8333323
8358739
3662554
7045189
4577906
6137519
6026101
3411515
5512428
6332898
7851920
7361410
8668732
8188178
584719
1784501
8367001
8533855
997788
5067026
8333482
3576890
6571556
7549775
3658181
9335281
3680814
7296928
5392679
8345426
9014755
5582621
8931708
2422636
4697535
1772795
5125159
1265679
7873201
8607129
7704871
7517055
7015791
2948043
729466
7476764
8569522
9458662
3749009
2890991
8838000
2046943
2612213
6107234
8139638
1204447
1140269
3230203
2223027
1538158
4816672
8309274
898068
1083816
5584316
1523369
6308283
7882210
8247500
6617161
1757001
2958222
4300004
9166545
5388533
9184420
3871704
6028750
3885169
8283377
4620981
4830093
1758702
1642369
3164446
6365107
3277549
8311405
6365816
6106189
8855704
7789466
4494812
257864
7020625
3487762
3587587
8490651
5563875
139068
3772315
9419691
5788996
1596828
5629724
8119472
763049
3585379
2686932
9209348
4968912
5013136
5970242
550878
1981058
7126958
3835863
6348873
4416606
7586460
5875316
2758805
678656
7090930
6338641
6596063
173637
2670663
4447604
2858301
1492649
3708909
6787341
5471230
1643050
6347637
656354
9430300
7657838
8333911
8873726
9339888
8900085
8945888
7151753
4259155
7667076
8333481
8523582
1199048
8418760
3046176
7318398
7044461
471706
1644461
6912244
6569200
7921985
8912979
3008134
3601432
5816652
5201128
2124279
7112554
7203977
8482356
5715604
2844260
8471665
7924282
6578196
803604
9003882
7004005
2636747
2954064
8919110
1787070
4965324
8841905
6091035
4829781
7449723
7547052
9050005
4193864
6769740
8270402
7830662
2106669
8905817
4612888
9262378
906801
9270964
2634682
2700495
2512299
5809306
1829368
6855805
2963512
3133127
5265175
2906627
8175626
6086287
4008914
6574947
6017960
8626340
3808669
1454919
4012024
3603615
3560749
8819178
2920497
3037164
1495765
3763688
9224704
2867958
2078977
9553631
9453060
3397008
8297353
9406310
4203246
2424223
2048260
2024069
6033564
1371190
6569546
6251069
7942347
2610819
4635616
8230960
8799776
765242
4048862
3366336
1951287
1267158
8457631
6596089
3637216
814635
828706
4487738
3301831
6022560
5771688
3843259
8311547
9293138
6061217
4908749
3808046
3853111
8020717
2516145
5436070
3545307
2469322
7760130
2223378
5626414
5872891
1823937
6791421
6679885
6905244
1724890
1235773
7586838
6881169
9068311
5425533
4043461
6137858
2461940
2818183
718619
8528472
4563080
5903946
6076169
2236066
2588287
5992184
1190987
8951726
7561844
2711035
7751011
1017605
6110934
6958787
1206855
7790180
6999048
9456530
8384711
2621334
6612068
1591047
4829365
8019841
4162285
7748625
5723215
2559853
7126093
7795956
8006825
4825365
6830486
8359811
2809210
2233442
9040081
7338181
6672869
3869951
9501435
8359603
8957534
6568440
249245
2403244
4462017
708424
9327971
9323176
8961950
5126073
7095680
9548056
8861590
7843410
4316574
8627334
7473769
9241245
8951769
2552953
1991592
5884083
5484050
9341417
5121918
8925892
3030084
5342001
960149
7556276
3472287
4296910
5204239
9381436
8699649
4548814
7264239
2354588
8981866
2819607
9229738
6366747
3265376
2938977
4875054
8672519
4060332
4700267
7420091
8529507
6112354
7297698
2405839
5773234
9304476
1253855
8834074
5587533
7747512
1754764
2507091
7285773
5119787
9204539
4097669
5428267
2849570
904109
5282428
4068112
9370919
4115663
9344063
7630534
222703
3895490
6701401
8177394
2705057
970627
9025726
9433606
3856335
6103235
6197635
7455839
7362816
2587695
4473926
6009470
6694986
2824557
1621160
6247501
1497562
493701
9542433
3133221
6970145
2345452
8032350
6172724
6011331
457158
3933009
6687646
7632096
1216233
7587766
4385142
4288215
1155991
581529
4085158
3215611
4938006
7616350
9335304
6895416
2973603
5922361
1350523
9006142
4643771
5115363
5342150
8941537
2379282
4979167
3782215
9005218
3956556
7049406
2247508
4574940
7294957
6174633
5904035
4667392
6439020
4355696
2946314
9135769
9368100
8009423
2724821
9448368
5703352
5976118
1529111
5928569
7102351
6034039
8219583
3265960
8259721
1848631
4683241
7067313
8650288
1441279
5387593
6068919
3834938
8627965
743632
1550818
7415798
5489923
8254376
8528489
7379285
3460891
7329788
8516722
7979026
7545414
2845434
8411782
5287439
7088642
2781585
6979492
3391642
1909661
4527208
5533650
7732631
3384791
4823750
1056589
7239031
7911720
7358814
8250259
7705846
4871081
7245912
3638346
4472390
4936051
2728660
2068995
6915584
8305749
9250295
1605188
4099387
8106131
4620819
5270956
3557380
1405101
3806855
6300878
3242157
8876813
3033235
6954302
9440512
4213308
784827
6386412
3693978
1330053
5828617
8420842
569261
7146242
8214177
6684499
5169658
1431813
8820001
2006396
8311017
6697126
2565588
1968418
8866095
5933238
7580436
6531772
5738161
8347711
3421702
6322439
8333269
2874538
3139806
5716245
6116585
385792
9066913
1240190
8993188
4530366
2557056
5160372
7290898
2270668
6843310
4536629
4005777
7642291
6303462
6426878
5785011
2600532
6333079
1232411
6437884
3875545
4106766
6994824
6595348
547644
6500767
9183059
8655587
8701307
4718498
6138735
3019988
613770
6736303
2034537
6896579
3011322
9082317
6412667
8129467
7979932
6277667
624293
5870820
6386155
9480122
744543
2104306
9366348
4683035
1175180
7135215
2213881
6642085
8579082
3785661
6581866
3919345
7290062
2886570
2756009
5821717
3327850
5798801
9002556
2460496
8092192
5697168
6534141
9149127
5833063
4339219
8921611
2920888
7733085
6455292
2840893
2614705
9050052
7460490
4787562
6699516
6008319
6239869
6006115
5289745
7942780
3722299
8465587
2668161
4729329
8974470
6587609
668908
6464300
2862179
7939370
1734894
5809019
9545807
5928474
7721711
1204957
8176806
7015335
6979707
3557203
1241387
1071772
3659869
5405553
8797525
4437228
5460619
4203959
8687562
7067436
8634007
9332479
8603945
3497048
2505936
9287754
3555620
2054105
2136527
7001853
6008891
2449779
1534606
3957625
7391810
4248069
9447480
2185267
2146159
7762289
2960826
1237693
7461299
2451392
2476182
7012365
4247550
3146340
830730
2147923
3322789
9342472
7172959
7495924
1082726
8929709
8091929
2356430
4778161
2293018
8717706
2565530
3582316
3016738
3834597
7690768
8187497
1199749
1381532
2375673
2946854
266799
6821399
5794768
7486094
2169897
3602270
5457666
9457124
6028630
3027581
9044298
859322
2796260
8535423
3193661
5934469
8813685
8710145
8507152
9085131
2942781
4173922
7207564
6386403
2543405
3810860
7399219
6898080
3571767
5080335
8714740
6970365
7503194
6940698
6971583
5261173
642308
7641039
4709486
1959957
2294312
6810876
2944043
7923242
3033487
2771937
7254704
9267756
4747204
3036688
4536275
3610423
3242708
4338843
6883479
240688
8587786
1164641
3008158
25412
7294334
362139
2829877
9019487
535797
7290619
7874158
5583966
6687518
6475379
4649284
793164
5647254
7303912
5664859
7531101
6080898
6762554
1084983
5454405
8800925
6358409
5417741
5721254
2830756
2504525
2452576
7288074
1054661
8498550
4379550
4286777
8981601
4365452
6138101
2962688
6005946
6734847
9430632
1247217
1793877
6935807
7267246
3395748
6671526
7262899
7512714
7867590
5619990
2584275
2473334
8164648
4649446
3451660
6275258
7165708
7164097
9110812
1975675
5389343
8634750
2131155
4411610
9396274
5827701
375806
6855533
3106359
1800795
8583546
5763686
4821992
4620803
4550500
1486229
4003659
7997249
7286420
3999310
8478371
7019905
4269274
5870583
6769251
7044874
5479180
6801182
2318874
9368891
8963697
1644266
2507393
2822839
7312118
957589
8162524
4649436
9268632
2813657
8300788
8686415
1522232
6693088
8857036
1835344
3817775
8914410
7278933
3481037
4614572
9276895
3688425
5174979
2453217
6831286
2940336
7070758
6994944
2052741
338134
7263016
5698958
3834131
7457984
8868080
948562
7028348
5994747
3017941
8614531
5200038
2442562
5967431
8901934
5302751
345500
5303003
1268794
3471004
7151034
8986831
6727813
2561692
7739242
8050802
6474606
1915757
2837761
6825778
7493993
1962845
6107498
8027658
7559745
2714871
7640192
9268577
6487268
3871489
7125932
465976
1309664
9180971
2442654
9488679
9269902
4368712
5285725
6238290
3161737
6086203
3327733
4609447
3153038
7053871
2505060
3185045
7606200
3577658
4158693
5387600
7222119
3755291
6367926
6204547
3644579
1800216
8492578
7809046
6423399
9299333
6006076
2605534
8604388
4687903
4923997
5658745
4420713
6775130
5946056
3638852
1358764
5538054
6549059
7211217
1476897
4419489
1733350
8860361
2325303
8412420
6582456
2967635
6073102
7988026
3093547
7937319
2808476
1044867
2020974
2978442
490903
6887722
8060223
6030012
6875050
8816663
116547
5606179
8672908
4468552
9173092
4105464
1735297
6288739
6802129
2311066
7713063
4936547
1195210
7192453
5894686
6594859
4160686
5829395
527237
1572725
4177138
4553912
2882915
1760510
4561953
756515
1164443
8676289
2298042
8894520
6087568
4092519
6697334
9420738
4636405
5510018
1456303
6204146
2989274
7447615
7046502
4298623
8962102
8522361
6215160
8484873
6778629
5205485
2022926
4108106
4532560
4587211
528830
1571273
8576870
4777829
3772337
9385935
3998742
8694246
3027071
1456047
3176218
1631309
1420440
4992569
7102521
2205719
9448339
5273055
6335256
1758050
6970221
3634560
5483545
1370232
3960090
3960012
7132937
6765764
1496262
5786855
6218691
3723969
7897840
4096544
2186276
8910186
9298478
8443203
3881365
3241986
8215611
5603171
6058280
5977378
6810787
3550774
3472816
1264178
1115089
3877514
9345078
6148239
1983128
2805273
7501647
1536740
4685266
6791947
3647961
2214314
6877652
8725863
3281968
7600794
7055010
5462571
9486928
7831340
7377267
930312
6846692
4145554
995984
5517728
655161
4116327
5138653
5379958
2080454
4648587
4107185
8890396
2628461
9452425
3620773
3293086
7423992
9053117
8603304
8477344
6799631
7681141
6220884
2882842
7388292
1084863
2930284
8964529
2237848
2714471
8431333
7211332
1608507
2994970
8138490
7201513
2669291
2949690
6401273
2184273
8568723
543761
3655287
2453382
8004190
4204222
6008784
3658224
3521187
5463672
623588
960107
6329163
2814809
2411807
2953817
866275
603679
8066304
876766
3398821
6599916
3826513
3145943
5839688
9334367
7426153
3067638
4294288
1441347
6413075
6068870
9122087
8571708
8913740
7935519
8038214
6620571
4955620
3129155
8855670
245459
5788989
6963443
4072037
2622978
2921331
8089624
9192026
6508357
7051720
5701160
9079172
551484
6128116
1949073
5820909
6491493
6633264
2787314
5104730
2808317
9397852
8464745
8237582
1741960
2990596
5225095
5575052
6125030
3836256
7040444
1381673
6936932
2067249
1071960
774194
7765664
1415645
7177917
7411950
4540901
5315615
5429762
8929920
4297388
8224300
3486804
4006273
3406800
3930696
8326165
8407383
3599932
9036894
8942539
2910485
7643901
2599721
2423113
5753388
3304171
4982964
6002276
2611454
4673262
2284795
8206656
9153370
7588477
2978796
1070867
2775596
4766101
1965913
8506534
4181160
2941968
5764529
3780414
4773293
5924733
2856430
8459530
3709154
3393218
7751046
7890025
8089305
1108033
4988229
8962464
8564654
8434563
7466395
5918028
997844
6082490
4724469
8505261
6972544
1219413
7900980
7285872
5601009
9259489
5796248
1520384
7851677
3933719
6759524
3116015
5149828
1255918
3148979
6614028
2740162
7977781
5375778
7667399
7659877
1864050
2178804
6145720
8210159
2338791
1403619
8626581
1065755
2754487
2043123
7895217
2112861
2626373
3656310
4581034
6625067
8986471
4420045
9196963
7189758
4510674
7149422
991226
5745161
2073598
8748341
6881774
3426764
5347147
5837460
5784917
5602573
7729689
7748922
5737455
9470747
9127357
366464
3797298
3415616
9126895
1273360
8522745
7458639
8786134
7936088
9196975
5710632
8568735
390340
2265936
5463421
2587022
6823457
6439236
1357800
4291491
9119144
7008957
6786015
2748858
7581670
1873050
7381397
3451355
7305348
8146738
8574545
6158191
6605452
2917365
2740519
756475
6642166
774125
5784742
4934158
2759919
4671663
2510174
4578963
2907601
6801924
1975341
8602117
6685678
7274854
3744554
2538450
2882566
3485132
8872528
6643327
6619169
6411402
5757181
5303471
1066093
3124829
2869841
4751345
3728142
6003500
7577237
6217013
6153375
8279448
2744478
7117072
3039129
387454
3079583
8633586
3981995
8536849
8561919
3194456
6204324
2983652
6098123
8667614
7149710
9493451
9242092
5913263
3561207
4600573
1132574
5955050
9064035
4038599
4404816
5237943
8611810
6441431
7530285
5363320
3595884
8108945
8755084
5438782
1814023
4535224
2074190
916763
4859041
7943583
3928671
6408741
8815621
3755171
3639678
6421304
4822140
9320446
7587253
821125
7647150
2132035
7674128
263352
8321586
5377726
6704717
4678729
5220304
2226255
9474198
6421908
4884238
8929145
7589324
8378981
1520389
6296748
2751164
7516760
4336696
3471259
6065874
2085959
1608972
1113653
8315119
2665030
5877929
5432544
8528452
9076100
3874817
2250491
2794912
3771970
5437269
9014199
9169001
9390299
566315
6631206
4005451
2135236
8849083
4264662
4305898
5410017
5531376
7036861
3790626
9428017
340096
2306673
4010815
5792091
9159244
5422244
6090634
2827283
164219
2979253
1592475
3285183
7043471
4180382
4026773
5554439
6598570
3266401
774658
3578589
5699203
1352579
8464693
8992241
3328843
8479735
3233276
6051489
4075513
2791598
2377311
7928404
7171953
9119055
6597363
3151783
908126
7794929
9232738
7860032
9206616
4737595
7778405
3750249
5292281
4922142
3559911
3086424
4670386
4749874
7325219
5580473
9250460
3784304
8091403
4776763
6358857
4244682
9270625
4425969
5805518
5177835
9049496
6434382
8356308
4826334
6723774
1792855
4696621
7064240
3920812
8360971
3147580
9543136
7525483
3270688
6125984
5554881
8803164
2827933
3207774
9331630
8771040
8848661
1269036
9371954
3237302
226347
8066706
4530253
6102226
3979307
5671678
8296523
3889997
7930468
5449096
9468454
8726620
5804205
3153025
5512284
5792361
725371
4938599
8161242
4936897
4426407
3045227
8073665
3280284
1962629
3749782
3315412
3746639
7589402
4948878
1907566
3631977
1260855
2768855
4537730
6533810
7830510
4691530
2130082
1376049
2374398
7655631
4790830
9104501
5494777
1764181
9483059
3877534
1308319
6324680
5311375
1775002
3057899
1121657
8068122
3337923
1121728
8629598
1960221
1981522
2261282
4508881
2953950
2855806
3823495
4853770
8260061
2886433
6443648
8561028
8635569
9473488
1100776
593529
3657587
2565335
8101486
6747643
7995678
6845505
9414334
6595801
9429254
7259612
3286150
2908269
1489303
6137122
720110
9189355
6231738
4164169
9187837
9101082
2488385
6987050
2979301
2096781
8071777
3637347
6167051
9415472
2143404
2946489
98901
7154204
689856
2688323
5013907
1005355
6136429
2126371
2815502
1182987
4515192
276536
6602821
3168623
3156468
4884657
2223035
2464891
3935995
6563464
1777322
8983481
8590301
2242886
1854670
2959348
6798526
1459953
6138522
3568116
5757869
4952104
2096071
4376323
6934230
1072815
6428081
8499540
6691861
6930169
6139587
2758294
3416842
3221485
7117576
6399135
8520996
733875
9036176
9281160
1955364
4734909
439360
8319260
8657814
6041267
1508618
6901183
5595118
92453
8098219
8796528
3544047
8404982
2924991
3294605
4683293
4681706
5099598
6034774
1319542
3749457
5086487
6697799
6511008
3942325
5568784
7653696
5051232
6016571
2768838
7091451
9476148
1852313
4112450
1693482
7457194
2801262
5421095
971187
2342083
8653205
7404287
1983392
3570790
3620938
1936941
1598254
1651479
3847504
5935756
4358491
2681157
8659092
8747656
4549871
3256362
4752764
8906721
5765897
8249613
6686368
2306705
5428294
2130804
4262336
3575492
3315577
6455903
3860259
4331432
1701296
7654967
3743268
6029914
1195852
6775304
7189880
1785145
671892
1748726
6650984
6825332
5587600
6121291
493644
7373197
8487644
8436798
4489058
4942758
7377292
9455542
3933569
6254721
8652832
7837750
2595895
2590207
5458761
1148753
5888864
4305092
4239393
263579
5726105
7857328
5561508
1294896
6810287
5278367
2443816
8027608
6202051
2180854
3046025
2503529
8285308
2539557
3663321
3758398
2123110
3792698
1476900
8678892
2910864
6611106
2471895
4252709
3071706
5022156
1194243
6760531
3257509
5389387
9085654
3595001
1651722
6093288
5990812
5103464
6902316
3328854
9536403
6679467
1139361
892150
3765814
3187466
4770348
4443758
6674434
8587802
9240185
3157969
3548940
5338488
4851104
8761108
8815508
7797609
2280007
3070870
2219482
2133898
7432509
1344492
4071417
6128639
1738011
5601546
7927254
1072621
1346576
5109749
2073475
5230187
2047521
3998659
1706623
7259800
6299936
8933182
2635932
2970330
2623691
3636743
4330447
994600
8685349
3338345
5732091
7763395
6282024
152134
6413641
7107352
4305273
4211654
3570151
5783313
4964139
4680579
9342582
6871517
3350399
2771091
4891600
7943451
9272012
9413856
7081113
648888
3553249
1542616
1065108
3617374
4142985
5595126
1342656
2693183
8614661
4009655
2585193
560534
1499537
5387122
452114
608890
6089967
6861465
5736879
4667043
5938475
5867701
8036373
1031963
6691109
6125785
8335827
4709330
7177336
3966589
7997388
5652450
5677831
5905715
6208757
7499640
3331600
6718259
8356051
5853723
1414779
4135774
3776178
7243182
3207758
7199665
3798663
6790265
7206657
8092423
1284145
5855488
8110254
2976766
4797606
7867246
8704832
1733247
6057167
8641895
7643755
1782907
4566804
4890145
6331334
2561949
9451859
6628097
1613395
6210166
9221881
4097209
8979613
2747221
4984425
2060559
3362036
7481382
8605719
7165187
4049285
5614874
9343116
6910846
4518435
5150878
6782840
3542235
1253676
4662905
819907
6495906
7703148
727180
650270
1975196
9076371
1485009
3603223
4187837
688772
1327501
6700546
3840905
3993195
8391418
3942188
5749848
1839031
9076183
7220862
4804795
7740696
5342229
6322783
1411975
4334835
4156219
9260256
5993158
5244305
9002378
4134389
6393888
6579052
492555
5666490
6842905
4889980
6874419
3737418
5035890
8693014
6481228
6720480
3899588
3066425
3893485
2582239
6220674
4515135
842430
5625926
6617533
8014059
6143388
6385773
9502517
2044919
2010588
4948929
4349420
1502520
302063
7005379
6748660
4942794
4819612
4638085
4570761
7956879
1059630
1110934
7355102
7371670
5767493
6062369
8130519
394750
5885547
5299638
226351
5670803
6747762
2316704
8733485
6609843
1112948
6856314
1361294
7006329
6926035
7219627
2218814
6675430
7854755
4663072
6971717
2927983
7107258
8752821
3096445
2080226
8984909
1323459
2561959
8535693
3019723
7592218
8988471
1430118
1440923
2386538
837858
3372089
8434440
5774871
9179619
216615
8296723
4063123
9186459
5359540
4032048
1006053
1358611
7913448
8182292
3497386
2725590
8012701
596636
2427050
6679214
2324812
4055258
3174170
8909560
2948565
5908001
6001070
2583667
8162222
1417449
2130486
1805482
4092403
9343388
8898197
6835028
1628599
5472951
8726720
1557195
3692821
8287403
3298760
8855622
3451148
1912700
4545989
4532429
3986358
7765483
792701
2700154
7311502
5146615
5707533
6957195
6103889
1896609
4813910
437245
8986429
8561614
4648903
3047901
2401331
2366316
2523486
3831109
8193618
9173368
9292798
7964341
1239312
9443845
658736
9213318
9531382
7909375
568155
2231085
3668371
9445143
6535070
4964431
6098118
1886085
2869403
7436609
6330932
860158
846655
7928501
4233818
5840102
4239645
1760354
4954001
6703714
2660618
9052317
5356093
3911512
4726083
5128400
3225775
2318558
5002562
8792114
5829555
5900674
8264980
8434198
4650168
1704728
4416355
5962027
6934302
6562416
214890
8961010
5368163
825427
2772328
8880368
7547467
476455
7673756
8136830
3914285
3447638
3027044
1439236
2478071
7202401
7506389
2733306
9187801
5458156
1119070
2389354
4474029
6030480
3063694
1840793
6148786
7113288
4282412
1542381
1842927
5959258
8760081
9427329
8575915
3839873
323433
3405847
9335232
2769814
4575493
8657822
897062
6652613
1239500
3499408
9489711
1841920
2341027
8711710
5911908
4615657
9223570
4288226
8989439
3699573
7937511
4265555
7586471
8845852
9277635
2399217
6155132
7868190
4030043
5283840
4459043
4298489
9020140
8553857
1766797
3916988
7872224
3614079
4683837
7705626
2500019
7520532
8970384
4077804
6832281
5403605
8906073
5559643
7728657
643994
7773802
6885720
3616729
4004955
8606153
8170771
7286660
5909484
9384468
6981597
2071708
7162322
6124592
6605642
3276884
9361346
4520025
3943180
2631776
2378956
4027000
2119921
2182774
6541936
4068710
8920048
5882706
5769519
9393779
7310568
6522233
8524090
8884267
2286507
7320882
7379270
483868
802417
6308272
2425228
9118117
2939755
1324671
3757405
5501058
5555823
5681966
8025520
7782625
6767834
5168829
5424753
4629239
8274518
7406532
7131011
8346747
3653973
2767979
7365082
2672853
1190205
9240829
8874845
8872902
7366036
8364142
5385134
39563
6642575
7019618
2045198
6364411
7059843
2202831
4798667
8488651
5110084
6073843
3347755
3366146
1554990
2263505
6453194
5831176
1553393
4379778
4845986
6535691
4606708
2702679
4311807
6718632
1492243
4507611
4200663
6349559
1133762
620081
4692408
6219835
3372117
4077539
1878370
1765041
4487401
8186750
2290282
2917641
9489926
3634535
4960052
8552835
6762157
7196069
4827080
2424457
8249507
3858620
3082929
1504231
6541312
8866638
525863
1061455
6166967
7036412
7195726
8531466
5189454
1876247
8670357
4446375
6177341
1552601
7191637
7564057
7581745
3707776
5868151
3356094
5429259
1244706
6515657
2418421
8874438
4695267
6562871
1302095
1515760
9446480
7052683
6205670
7044859
6450307
6053758
1772089
1949984
6826537
4336119
758489
6379531
4963389
6044382
3001353
4639192
5997351
9496769
7131652
7191885
3134129
463166
7224433
8182286
8480410
1243574
3678753
2033320
1935410
4698070
2162348
6477733
1662922
3809341
6534404
8671853
4028641
8394539
5687678
5632995
7692942
9272434
7856340
6112829
5267666
4346413
8509487
2964702
5388224
7219898
1691340
4548861
7619518
7003505
8518463
4068770
7126724
7053993
8656358
9074681
2402280
8253145
3539137
4752005
8923650
4685829
3998122
7066669
9519606
4339952
5067353
1226915
3366906
8478318
7136016
7439908
6969791
2484759
3108775
8478880
8687384
725849
7769977
2159574
1494683
3553973
7369025
4581512
3464205
7469258
9261401
4750974
523713
1631374
7522446
3428564
7694133
3005611
1154203
4593418
7634649
2789963
7274534
4942951
2775542
3628180
193590
2015334
8036459
3433513
6629676
864122
1953888
3041524
7654272
1693530
4404743
1291284
8117299
980988
9460040
7089911
215917
8277610
3695661
5179543
5262341
5659642
6826348
8741586
1127473
5361778
7505417
4249512
6561728
7469405
2820024
8433027
7560128
5064132
5421552
6817596
9446891
7577542
3658825
4204668
8908341
8308139
3358555
4141164
4934985
7683842
7062425
2075756
7485397
3210650
1681055
8150548
6505749
4626883
3201956
9542069
1813821
7502771
4790404
1635213
3306646
7021866
4245547
8039112
2266816
8431425
8795586
5643229
8952140
607365
8103952
1140137
9273422
8530561
3873906
731738
7965114
5289985
3521463
4317987
4397942
8578868
1379077
8440944
7421101
4707746
6411948
9067110
6596779
4871628
997577
3241860
3630218
1576375
8501150
9045340
6372827
8360991
4464694
2728746
5741588
5642368
7707677
4626228
5058774
8629860
7842869
869611
5355874
1292299
1379094
3945447
1600383
7214711
9548883
2065924
4229602
437043
7923108
8886975
1472597
8198094
1922288
4925957
2444001
2691498
6582140
4201983
4201365
4584782
2381530
9348942
7562641
3381787
2149376
7156926
5532030
6336093
3350272
579823
4625457
2353400
4043376
7180050
2667433
4540621
5152437
9373185
7548717
831811
8632115
3461992
2876053
8057122
9222996
2705803
3889801
4047410
7767145
6910085
5770928
6455325
4061888
1161647
8407405
7204131
5199934
6088456
5053684
991621
8453183
2800004
7185472
3775782
1776883
7049855
6823998
1045156
1642780
7499163
4532535
8832499
1156136
7688457
7280687
5809121
1152828
1492135
7408863
3340832
8080184
5001382
1940969
4839037
7240551
1101669
2324982
5326669
540265
6000912
4011737
7956107
2176140
2435195
6314242
3948970
5879921
3051944
8478047
6839537
6922031
8499222
5132147
5812062
4461330
7581932
4322612
9446963
3089735
8053189
1303783
8478309
6068479
4626914
2111973
3213311
8515555
8841310
5203106
2868167
5133285
7610720
2690013
2177248
6473305
8109309
8407499
6987049
3849214
6471506
4912088
7729860
496206
3629832
7851972
6268278
7942986
8218039
1302364
2854973
154520
8997556
4347835
1960286
6364295
7088885
8298470
1381765
9446806
834816
5326305
1994960
1040824
1091514
1399824
4418519
4115441
3700470
9102257
7299055
5835274
5636968
2558907
3253635
2906782
9238909
7376435
2268971
2187496
8095114
3215215
6237686
8430362
9352872
3231670
441083
8550162
1766732
8054044
1475394
4726414
2039640
7795419
230227
858448
1379050
9005957
4561693
1072800
7940234
5677373
2502649
8181599
952019
2288476
7035218
5466118
4510695
7662532
6651158
5328311
8072052
1707655
3058673
2131474
3183700
2562371
6346333
960355
6058625
2473304
2227826
6105413
3477421
2592161
3930844
7204532
4131998
7539955
2928251
3552745
1932618
3885063
3299073
1530283
7954597
242150
5944423
6206627
7270873
6843240
5608770
1861085
8310598
5523163
5776142
1065150
3140767
160991
8553827
8228602
8023411
9046672
2957473
2064757
1859599
6076727
4896787
8729071
3080431
4742868
5722110
3273652
2406967
4397284
3414151
4986484
3149947
8467269
5321155
3985510
5729000
6443821
8430057
8430448
5594237
1768475
5964306
6262645
4584114
6983771
621652
4452186
4725884
3452904
2079660
9394476
4101854
2721302
4686417
4469709
3229670
4273251
707275
4179536
189014
632465
8602531
7288677
2253776
591095
6018251
3843929
2270407
8968289
776510
1089149
5995000
1981819
943797
2924597
7953115
8264822
8791364
8424666
1631149
6830722
5136246
863247
6115822
1918370
6034931
4360410
7730696
7480663
5587332
8299589
8876192
4046177
7286069
9517936
997311
3957092
5058826
8578750
7755680
7722061
1557315
9360058
5386600
5783059
6270111
7007626
4299031
1794652
8292138
7359512
5458151
8479935
5012805
5213569
9004344
6822864
3524393
6520033
6265149
6324188
4778064
2572413
6874562
209853
3161459
8928873
2290983
1385298
8771006
6577844
9481521
7113303
7888161
3340164
1715767
3887363
3797944
2985619
426769
9508622
5550132
6340946